212	216	225
227	228	231
236	239	240
241	251	254
256	261	264
267	275	292
295	296	301
303	308	317
321	322	323
324	325	334
335	336	343
348	349	351
354	355	356
362	368	370
371	380	386
390	391	394
396	401	406
419	426	428
429	432	433
437	438	444
447	454	459
461	463	465
467	473	481
483	486	487
488	491	492
493	495	497
498	502	505
507	508	511
513	516	524
528	533	540
541	542	544
549	551	553
554	555	556
557	558	559
561	563	568
569	571	576
578	583	589
600	603	607
608	614	615
625	629	631
633	642	648
653	654	655
658	664	665
667	674	676
678	680	682
683	693	699
703	710	721
724	727	728
729	731	732
733	734	737
738	740	741
742	745	748
750	753	755
756	759	763
764	765	769
774	791	792
799	803	807
808	809	812
813	817	819
821	822	824
825	827	829
830	832	838
839	842	843
848	853	856
859	863	864
869	872	874
877	880	883
885	887	888
889	891	892
898	901	902
906	907	915
916	917	918
919	923	926
940	943	944
951	952	954
956	959	964
967	969	972
980	983	988
989	990	991
993	995	999
1000	1001	1002
1003	1008	1013
1014	1015	1018
1020	1024	1025
1030	1032	1036
1042	1043	1044
1045	1049	1051
1057	1060	1061
1065	1066	1067
1075	1078	1079
1080	1082	1083
1085	1089	1098
1100	1112	1114
1118	1120	1124
1126	1140	1144
1145	1146	1158
1165	1178	1183
1185	1187	1195
1199	1200	1202
1205	1207	1210
1213	1214	1216
1218	1221	1226
1228	1229	1234
1235	1236	1237
1238	1239	1244
1246	1253	1263
1266	1269	1270
1273	1275	1277
1283	1287	1288
1289	1290	1294
1296	1298	1306
1314	1316	1317
1323	1325	1326
1332	1333	1336
1338	1339	1340
1346	1347	1348
1351	1354	1356
1358	1362	1370
1374	1376	1377
1380	1386	1387
1390	1391	1395
1396	1398	1401
1404	1405	1408
1415	1416	1417
1420	1422	1426
1428	1430	1431
1432	1437	1440
1443	1445	1446
1450	1451	1454
1455	1458	1459
1461	1463	1466
1467	1468	1471
1475	1476	1478
1480	1486	1488
1490	1494	1495
1496	1498	1499
1507	1508	1509
1510	1513	1514
1516	1517	1519
1520	1527	1528
1534	1536	1537
1538	1539	1540
1542	1545	1549
1550	1555	1556
1559	1569	1574
1575	1576	1582
1583	1587	1589
1592	1593	1600
1601	1603	1608
1613	1614	1618
1630	1639	1642
1647	1649	1651
1653	1659	1660
1662	1663	1665
1666	1668	1669
1672	1675	1676
1678	1687	1691
1695	1699	1710
1711	1715	1718
1720	1725	1731
1734	1735	1744
1749	1751	1752
1753	1755	1756
1764	1765	1766
1767	1771	1781
1783	1787	1789
1790	1791	1792
1793	1794	1797
1798	1803	1808
1815	1819	1825
1827	1829	1830
1832	1836	1843
1844	1847	1853
1856	1867	1868
1871	1872	1873
1877	1878	1879
1880	1885	1887
1889	1894	1895
1896	1898	1900
1902	1903	1906
1908	1910	1912
1916	1920	1921
1925	1932	1935
1943	1946	1947
1955	1956	1959
1960	1967	1972
1973	1974	1977
1990	1994	1997
1998	2004	2008
2009	2011	2012
2016	2021	2022
2023	2024	2026
2028	2029	2030
2031	2033	2035
2038	2040	2046
2049	2051	2052
2054	2055	2059
2061	2064	2066
2069	2070	2071
2073	2077	2081
2085	2087	2088
2089	2092	2095
2097	2101	2102
2103	2105	2104
2106	2110	2112
2114	2115	2116
2118	2122	2123
2126	2133	2135
2136	2142	2143
2145	2149	2152
2161	2163	2167
2171	2176	2178
2181	2189	2191
2192	2194	2200
2205	2208	2212
2214	2215	2224
2227	2229	2235
2238	2245	2246
2257	2258	2261
2267	2272	2275
2289	2293	2296
2298	2305	2306
2313	2323	2326
2327	2335	2338
2345	2346	2348
2349	2354	2363
2364	2365	2368
2370	2373	2374
2377	2379	2386
2387	2389	2393
2396	2399	2401
2409	2419	2425
2426	2428	2434
2439	2465	2473
2476	2480	2485
2488	2497	2504
2509	2510	2511
2512	2513	2514
2527	2530	2535
2536	2540	2546
2550	2551	2554
2560	2561	2562
2563	2570	2573
2576	2584	2592
2598	2600	2601
2612	2616	2618
2622	2625	2629
2630	2633	2636
2638	2639	2640
2643	2645	2648
2650	2651	2652
2655	2668	2676
2689	2690	2691
