211 215 216
220 222 227
232 233 234
235 236 238
239 242 246
248 249 251
252 257 260
264 267 271
274 275 276
277 278 281
283 289 290
292 294 295
301 302 303
306 308 312
313 316 322
324 327 328
330 331 336
342 344 345
346 347 348
350 355 357
358 361 363
368 369 370
371 372 374
375 378 379
381 382 383
386 387 388
390 391 395
396 398 403
404 407 408
409 411 412
413 414 416
419 421 422
426 428 430
432 433 434
436 437 438
439 443 451
456 457 460
462 464 465
469 471 472
474 476 479
484 485 487
489 492 494
495 496 497
500 501 503
504 506 509
510 511 512
515 518 522
524 526 527
529 531 532
533 534 535
537 538 540
541 542 543
546 548 549
550 552 554
557 561 563
565 568 571
574 576 577
578 579 585
586 587 589
591 595 598
599 600 601
602 603 605
606 607 609
612 614 618
622 625 626
628 633 641
644 646 648
651 653 658
659 660 662
663 664 665
667 668 673
674 675 677
680 682 683
687 689 690
692 694 696
697 698 700
702 703 705
707 708 709
711 713 714
715 717 720
722 723 727
728 730 731
733 735 741
743 747 750
753 755 758
760 764 766
768 771 773
775 776 777
781 783 785
787 788 791
792 793 795
796 798 809
812 816 819
823 824 825
826 828 829
830 832 833
834 840 850
852 853 854
857 858 864
865 872 873
875 879 880
882 883 884
888 890 892
899 901 903
905 907 908
910 913 915
916 917 921
923 925 929
930 931 932
939 940 942
944 966 967
971 972 973
974 976 977
978 979 981
983 984 986
987 988 990
991 992 997
998 999 1005
1007 1012 1013
1018 1019 1020
1021 1023 1024
1030 1032 1034
1036 1037 1039
1042 1043 1045
1046 1047 1051
1054 1055 1059
1061 1062 1063
1064 1068 1070
1072 1074 1075
1082 1084 1085
1087 1088 1091
1092 1095 1096
1099 1100 1101
1102 1105 1107
1109 1111 1115
1121 1123 1125
1126 1129 1131
1134 1142 1144
1145 1147 1149
1152 1154 1158
1160 1164 1165
1166 1176 1178
1179 1182 1188
1189 1190 1191
1192 1193 1196
1197 1202 1203
1205 1209 1210
1213 1214 1216
1217 1224 1226
1230 1232 1233
1237 1238 1239
1243 1244 1245
1246 1247 1248
1249 1250 1253
1254 1255 1256
1264 1266 1267
1269 1270 1272
1276 1279 1280
1281 1287 1289
1290 1291 1292
1297 1298 1299
1300 1302 1303
1304 1308 1310
1315 1316 1319
1320 1322 1325
1327 1331 1333
1334 1336 1340
1341 1342 1343
1344 1345 1347
1348 1349 1350
1351 1352 1354
1356 1358 1359
1363 1364 1366
1367 1371 1373
1376 1378 1380
1381 1382 1384
1385 1386 1388
1395 1397 1404
1405 1406 1409
1412 1414 1415
1416 1417 1418
1419 1421 1422
1423 1424 1426
1427 1428 1429
1430 1432 1433
1435 1437 1439
1440 1446 1449
1450 1451 1454
1455 1456 1459
1461 1463 1468
1469 1472 1473
1476 1477 1479
1481 1482 1483
1486 1489 1492
1493 1494 1495
1496 1498 1499
1502 1504 1506
1508 1510 1515
1516 1518 1519
1521 1522 1523
1528 1530 1531
1536 1538 1543
1546 1550 1554
1556 1561 1562
1564 1566 1569
1572 1576 1579
1580 1582 1585
1586 1594 1595
1598 1600 1603
1604 1605 1607
1608 1614 1616
1620 1623 1624
1625 1628 1629
1630 1633 1634
1635 1638 1642
1643 1645 1647
1652 1654 1657
1662 1663 1664
1666 1673 1676
1680 1681 1683
1688 1689 1693
1694 1703 1704
1706 1708 1710
1711 1715 1717
1719 1721 1722
1723 1727 1728
1732 1734 1740
1741 1742 1743
1745 1746 1749
1752 1755 1757
1760 1761 1762
1765 1767 1768
1770 1771 1772
1775 1779 1780
1781 1790 1793
1810 1811 1813
1814 1819 1824
1829 1830 1832
1833 1839 1845
1849 1852 1856
1860 1861 1864
1865 1870 1871
1877 1880 1881
1883 1891 1893
