207	208	213
214	216	217
218	219	221
226	230	240
242	244	245
253	256	263
266	272	274
282	286	291
297	300	312
313	316	319
320	322	324
326	330	331
334	337	343
345	349	351
354	360	368
369	370	376
381	383	385
387	392	393
396	397	399
408	409	410
412	415	417
418	419	423
425	426	434
440	441	443
444	445	448
453	460	466
469	473	474
477	479	481
484	490	491
492	493	494
495	496	497
498	499	500
501	505	507
509	510	512
516	517	521
523	526	529
530	535	537
544	545	548
550	551	554
557	563	564
565	566	568
569	572	575
576	579	583
586	591	603
604	606	608
609	610	613
614	615	621
622	625	626
627	635	639
640	643	645
648	650	653
654	655	657
658	659	662
664	666	672
673	674	675
685	687	689
690	691	693
694	696	698
700	702	703
705	707	709
711	712	713
715	716	718
719	721	723
727	728	731
737	738	739
742	744	745
750	751	753
754	757	759
760	761	762
765	767	770
771	772	777
779	782	783
787	790	792
795	799	800
801	803	807
808	809	811
813	816	821
825	829	830
831	833	834
837	838	843
844	847	853
854	858	864
867	871	878
882	883	886
891	898	899
901	903	913
916	917	918
921	923	924
925	930	935
937	938	940
941	942	946
947	949	950
951	954	958
960	961	965
966	967	968
970	972	974
975	979	980
981	983	984
985	990	992
995	1002	1003
1006	1007	1010
1013	1017	1020
1023	1024	1027
1028	1031	1034
1035	1039	1042
1044	1046	1047
1048	1049	1054
1055	1057	1058
1061	1064	1066
1070	1071	1072
1073	1074	1075
1077	1079	1084
1086	1090	1095
1097	1102	1103
1107	1109	1112
1115	1116	1120
1121	1124	1126
1130	1135	1136
1140	1141	1142
1144	1145	1146
1147	1150	1151
1152	1155	1156
1157	1159	1160
1165	1166	1168
1169	1175	1182
1184	1186	1188
1189	1190	1197
1206	1209	1210
1212	1215	1217
1218	1225	1226
1230	1232	1233
1234	1239	1240
1241	1242	1246
1254	1256	1257
1258	1261	1262
1264	1265	1274
1275	1286	1287
1290	1291	1293
1296	1299	1305
1306	1315	1318
1322	1324	1327
1328	1330	1331
1332	1339	1340
1343	1345	1347
1352	1353	1354
1356	1357	1358
1360	1361	1364
1365	1367	1368
1370	1374	1376
1377	1378	1380
1382	1384	1386
1388	1392	1394
1396	1397	1399
1401	1403	1404
1406	1408	1409
1411	1417	1421
1424	1428	1429
1431	1437	1440
1443	1444	1447
1448	1449	1450
1451	1454	1455
1458	1461	1465
1466	1468	1470
1471	1473	1474
1477	1478	1481
1485	1486	1487
1488	1490	1492
1495	1497	1500
1505	1510	1512
1513	1517	1518
1520	1521	1524
1525	1528	1530
1531	1532	1535
1538	1543	1546
1547	1549	1552
1554	1555	1556
1557	1558	1559
1560	1563	1568
1569	1575	1576
1577	1579	1583
1584	1585	1588
1591	1592	1594
1595	1601	1603
1604	1605	1606
1607	1608	1609
1610	1611	1616
1618	1620	1621
1628	1629	1633
1635	1637	1638
1639	1641	1642
1647	1653	1659
1660	1662	1663
1664	1665	1667
1668	1670	1676
1682	1684	1685
1688	1689	1690
1692	1695	1696
1700	1704	1707
1709	1715	1722
1724	1725	1728
1732	1740	1741
1743	1746	1748
1749	1750	1752
1756	1758	1762
1763	1765	1769
1770	1771	1774
1775	1776	1777
1778	1779	1783
1785	1786	1790
1791	1792	1793
1797	1798	1800
1802	1804	1807
1809	1811	1812
1814	1815	1817
1818	1819	1822
1823	1824	1826
1828	1829	1841
1842	1843	1846
1847	1850	1853
1854	1856	1864
1867	1868	1871
1874	1875	1883
1900	1904	1908
1909	1910	1911
1913	1914	1916
1917	1924	1925
1930	1931	1933
1934	1935	1936
1937	1944	1948
1950	1952	1954
1955	1957	1961
1962	1965	1967
1968	1976	1977
1978	1980	1984
1987	1988	1993
1996	1998	2002
2005	2006	2007
2010	2013	2019
2024	2025	2026
2036	2038	2042
2041	2043	2048
2049	2054	2056
2059	2060	2062
2064	2067	2069
2077	2080	2082
2083	2084	2086
2088	2089	2097
2098	2099	2101
2102	2107	2108
2109	2114	2118
2121	2122	2123
2125	2131	2140
2144	2145	2153
2158	2161	2163
2164	2167	2169
2170	2171	2176
2178	2180	2185
2188	2189	2190
2196	2197	2198
2201	2203	2204
2206	2208	2209
2212	2214	2216
2217	2218	2219
2224	2228	2242
2249	2251	2252
2254	2260	2261
2262	2263	2264
2270	2275	2288
2295	2299	2305
2310	2311	2317
2325	2333	2334
2337	2339	2341
2343	2344	2345
2347	2348
